A1 = [[ 6.4        -6.51428571  7.44725739  6.45095619 -6.38181818]
 [-2.8         5.47755102 -7.70733451 -3.60462597  7.63376623]
 [ 0.         -1.96014007  7.82976605  6.01833057 -6.55118508]
 [ 0.          0.          1.6797779   1.11912921 -0.94490115]
 [ 0.          0.          0.          0.5916455  -0.82644628]]
A2 = [[ 9.67213115 -9.88709154  7.44938446  8.93841829  4.51900471]
 [-1.24428281  7.322835   -5.93215441 -6.05410337 -4.9679371 ]
 [ 0.         -2.45005142  4.5666684   3.51775976  0.49173677]
 [ 0.          0.         -0.4361831  -1.08428124  0.05211495]
 [ 0.          0.          0.         -0.34628964 -0.47735331]]
A3 = [[ 11.04257887 -11.78929416   2.16972983  11.3912517   -0.68819051]
 [ -0.82710535   8.33099137  -2.28136109  -7.49822016   1.37361178]
 [  0.          -0.90834971   1.89919764   1.34611839   1.85865935]
 [  0.           0.           0.15968925  -0.92890124  -0.02874627]
 [  0.           0.           0.           0.1472186   -0.34386665]]
A4 = [[ 11.96716592 -11.71510915   2.07743338  11.75898184  -0.97527975]
 [ -0.55888401   7.68899832  -2.05590824  -6.6596023   -0.09106885]
 [  0.          -0.19866073   1.65939862  -0.02224607  -2.01175483]
 [  0.           0.          -0.09635193  -0.94627781   0.31509116]
 [  0.           0.           0.          -0.05568218  -0.36928504]]
A5 = [[ 12.52982125 -11.5450176    1.12428452  12.06916181   1.67451123]
 [ -0.33293957   7.18207554  -1.43397647  -6.19211111  -0.28007185]
 [  0.          -0.04473712   1.61176337  -0.15647068   2.02436716]
 [  0.           0.           0.05741595  -0.9443785   -0.22722971]
 [  0.           0.           0.           0.02208905  -0.37928166]]
A6 = [[ 1.28414438e+01 -1.14019602e+01  1.52494683e+00  1.21395733e+01
  -1.96806839e+00]
 [-1.82563987e-01  6.87965730e+00 -1.57854349e+00 -5.80793050e+00
   3.85681197e-01]
 [ 0.00000000e+00 -1.04381124e-02  1.59438292e+00 -3.33008190e-01
  -2.00606632e+00]
 [ 0.00000000e+00  0.00000000e+00 -3.35505542e-02 -9.29354873e-01
   3.12478185e-01]
 [ 0.00000000e+00  0.00000000e+00  0.00000000e+00 -9.10461168e-03
  -3.86129135e-01]]
A7 = [[ 1.30049004e+01 -1.13172697e+01  1.27180924e+00  1.22306593e+01
   2.09237043e+00]
 [-9.54828657e-02  6.71862367e+00 -1.42968405e+00 -5.66185707e+00
  -4.15852693e-01]
 [ 0.00000000e+00 -2.47447447e-03  1.59874682e+00 -3.08030332e-01
   2.00874681e+00]
 [ 0.00000000e+00  0.00000000e+00  1.97300955e-02 -9.33551678e-01
  -2.75475040e-01]
 [ 0.00000000e+00  0.00000000e+00  0.00000000e+00  3.77971793e-03
  -3.88719212e-01]]
A8 = [[ 1.30883502e+01 -1.12709801e+01  1.42945688e+00  1.22465662e+01
  -2.14517575e+00]
 [-4.87159021e-02  6.63570371e+00 -1.48710051e+00 -5.55218232e+00
   4.23805653e-01]
 [ 0.00000000e+00 -5.96056991e-04  1.59424696e+00 -3.49463126e-01
  -2.00363954e+00]
 [ 0.00000000e+00  0.00000000e+00 -1.14758427e-02 -9.28367419e-01
   3.02442494e-01]
 [ 0.00000000e+00  0.00000000e+00  0.00000000e+00 -1.58536504e-03
  -3.89933496e-01]]
A9 = [[ 1.31303931e+01 -1.12469360e+01  1.34562066e+00  1.22734778e+01
   2.16764456e+00]
 [-2.45421411e-02  6.59379482e+00 -1.44163949e+00 -5.51633425e+00
  -4.25394926e-01]
 [ 0.00000000e+00 -1.44108145e-04  1.59658408e+00 -3.35199556e-01
   2.00515924e+00]
 [ 0.00000000e+00  0.00000000e+00  6.70101288e-03 -9.30349125e-01
  -2.88931712e-01]
 [ 0.00000000e+00  0.00000000e+00  0.00000000e+00  6.64934616e-04
  -3.90422880e-01]]
A10 = [[ 1.31514378e+01 -1.12347086e+01  1.39961137e+00  1.22764455e+01
  -2.17722397e+00]
 [-1.22851890e-02  6.57278166e+00 -1.46205655e+00 -5.48698567e+00
   4.25314304e-01]
 [ 0.00000000e+00 -3.50048068e-05  1.59512877e+00 -3.47354200e-01
  -2.00367153e+00]
 [ 0.00000000e+00  0.00000000e+00 -3.89886477e-03 -9.28712723e-01
   2.97730372e-01]
 [ 0.00000000e+00  0.00000000e+00  0.00000000e+00 -2.79618581e-04
  -3.90635520e-01]]
A11 = [[ 1.31619382e+01 -1.12285610e+01  1.37089339e+00  1.22842976e+01
   2.18131563e+00]
 [-6.13004191e-03  6.56228902e+00 -1.44733418e+00 -5.47894001e+00
  -4.24939118e-01]
 [ 0.00000000e+00 -8.50878561e-06  1.59596451e+00 -3.41815402e-01
   2.00428828e+00]
 [ 0.00000000e+00  0.00000000e+00  2.27206235e-03 -9.29468208e-01
  -2.92994126e-01]
 [ 0.00000000e+00  0.00000000e+00  0.00000000e+00  1.17532686e-04
  -3.90723571e-01]]
A12 = [[ 1.31671693e+01 -1.12254866e+01  1.38904328e+00  1.22846069e+01
  -2.18306754e+00]
 [-3.05388459e-03  6.55705988e+00 -1.45447948e+00 -5.47109891e+00
   4.24617943e-01]
 [ 0.00000000e+00 -2.07100749e-06  1.59547412e+00 -3.45670614e-01
  -2.00382487e+00]
 [ 0.00000000e+00  0.00000000e+00 -1.32252458e-03 -9.28942273e-01
   2.95915287e-01]
 [ 0.00000000e+00  0.00000000e+00  0.00000000e+00 -4.94382633e-05
  -3.90760995e-01]]
A13 = [[ 1.31697732e+01 -1.12239533e+01  1.37919252e+00  1.22869068e+01
   2.18381968e+00]
 [-1.52018644e-03  6.55445644e+00 -1.44962245e+00 -5.46943040e+00
  -4.24403235e-01]
 [ 0.00000000e+00 -5.04121007e-07  1.59575956e+00 -3.43686182e-01
   2.00405105e+00]
 [ 0.00000000e+00  0.00000000e+00  7.70258463e-04 -9.29212516e-01
  -2.94282817e-01]
 [ 0.00000000e+00  0.00000000e+00  0.00000000e+00  2.07907088e-05
  -3.90776649e-01]]
A14 = [[ 1.31710688e+01 -1.12231897e+01  1.38528990e+00  1.22868219e+01
  -2.18414361e+00]
 [-7.56431110e-04  6.55316089e+00 -1.45210205e+00 -5.46730228e+00
   4.24273659e-01]
 [ 0.00000000e+00 -1.22758464e-07  1.59559334e+00 -3.44950147e-01
  -2.00390102e+00]
 [ 0.00000000e+00  0.00000000e+00 -4.48442186e-04 -9.29039798e-01
   2.95262166e-01]
 [ 0.00000000e+00  0.00000000e+00  0.00000000e+00 -8.74516050e-06
  -3.90783256e-01]]
A15 = [[ 1.31717134e+01 -1.12228096e+01  1.38191973e+00  1.22875042e+01
   2.18428363e+00]
 [-3.76319283e-04  6.55251633e+00 -1.45048595e+00 -5.46700050e+00
  -4.24199714e-01]
 [ 0.00000000e+00 -2.98927286e-08  1.59569019e+00 -3.44259535e-01
   2.00398068e+00]
 [ 0.00000000e+00  0.00000000e+00  2.61134261e-04 -9.29133899e-01
  -2.94704024e-01]
 [ 0.00000000e+00  0.00000000e+00  0.00000000e+00  3.67813102e-06
  -3.90786030e-01]]
A16 = [[ 1.31720341e+01 -1.12226205e+01  1.38397197e+00  1.22874254e+01
  -2.18434439e+00]
 [-1.87197937e-04  6.55219569e+00 -1.45134104e+00 -5.46641033e+00
   4.24158958e-01]
 [ 0.00000000e+00 -7.27993125e-09  1.59563382e+00 -3.44680671e-01
  -2.00393106e+00]
 [ 0.00000000e+00  0.00000000e+00 -1.52043284e-04 -9.29076368e-01
   2.95034102e-01]
 [ 0.00000000e+00  0.00000000e+00  0.00000000e+00 -1.54708993e-06
  -3.90787198e-01]]
A17 = [[ 1.31721936e+01 -1.12225264e+01  1.38282174e+00  1.22876313e+01
   2.18437088e+00]
 [-9.31160408e-05  6.55203620e+00 -1.45080050e+00 -5.46637326e+00
  -4.24137019e-01]
 [ 0.00000000e+00 -1.77289993e-09  1.59566665e+00 -3.44443439e-01
   2.00395859e+00]
 [ 0.00000000e+00  0.00000000e+00  8.85321013e-05 -9.29108712e-01
  -2.94844048e-01]
 [ 0.00000000e+00  0.00000000e+00  0.00000000e+00  6.50713276e-07
  -3.90787689e-01]]
A18 = [[ 1.31722729e+01 -1.12224796e+01  1.38351374e+00  1.22875916e+01
  -2.18438248e+00]
 [-4.63166807e-05  6.55195686e+00 -1.45109400e+00 -5.46620560e+00
   4.24125406e-01]
 [ 0.00000000e+00 -4.31772883e-10  1.59564754e+00 -3.44584924e-01
  -2.00394198e+00]
 [ 0.00000000e+00  0.00000000e+00 -5.15485201e-05 -9.29089392e-01
   2.94955610e-01]
 [ 0.00000000e+00  0.00000000e+00  0.00000000e+00 -2.73698976e-07
  -3.90787895e-01]]
A19 = [[ 1.31723123e+01 -1.12224563e+01  1.38312188e+00  1.22876549e+01
   2.18438760e+00]
 [-2.30380185e-05  6.55191740e+00 -1.45091255e+00 -5.46620914e+00
  -4.24119336e-01]
 [ 0.00000000e+00 -1.05153544e-10  1.59565867e+00 -3.44503951e-01
   2.00395141e+00]
 [ 0.00000000e+00  0.00000000e+00  3.00152483e-05 -9.29100436e-01
  -2.94891030e-01]
 [ 0.00000000e+00  0.00000000e+00  0.00000000e+00  1.15120235e-07
  -3.90787982e-01]]
A20 = [[ 1.31723320e+01 -1.12224448e+01  1.38335556e+00  1.22876382e+01
  -2.18438986e+00]
 [-1.14590922e-05  6.55189778e+00 -1.45101295e+00 -5.46616031e+00
   4.24116193e-01]
 [ 0.00000000e+00 -2.56092464e-11  1.59565219e+00 -3.44551691e-01
  -2.00394582e+00]
 [ 0.00000000e+00  0.00000000e+00 -1.74767864e-05 -9.29093919e-01
   2.94928792e-01]
 [ 0.00000000e+00  0.00000000e+00  0.00000000e+00 -4.84209462e-08
  -3.90788019e-01]]
A21 = [[ 1.31723417e+01 -1.12224390e+01  1.38322224e+00  1.22876580e+01
   2.18439087e+00]
 [-5.69972646e-06  6.55188801e+00 -1.45095188e+00 -5.46616549e+00
  -4.24114578e-01]
 [ 0.00000000e+00 -6.23689691e-12  1.59565596e+00 -3.44524143e-01
   2.00394903e+00]
 [ 0.00000000e+00  0.00000000e+00  1.01761788e-05 -9.29097678e-01
  -2.94906871e-01]
 [ 0.00000000e+00  0.00000000e+00  0.00000000e+00  2.03663474e-08
  -3.90788034e-01]]
A22 = [[ 1.31723466e+01 -1.12224361e+01  1.38330123e+00  1.22876515e+01
  -2.18439132e+00]
 [-2.83502680e-06  6.55188316e+00 -1.45098614e+00 -5.46615091e+00
   4.24113752e-01]
 [ 0.00000000e+00 -1.51894371e-12  1.59565376e+00 -3.44540288e-01
  -2.00394714e+00]
 [ 0.00000000e+00  0.00000000e+00 -5.92523824e-06 -9.29095474e-01
   2.94919663e-01]
 [ 0.00000000e+00  0.00000000e+00  0.00000000e+00 -8.56631549e-09
  -3.90788041e-01]]
A23 = [[ 1.31723490e+01 -1.12224347e+01  1.38325591e+00  1.22876578e+01
   2.18439153e+00]
 [-1.41013276e-06  6.55188074e+00 -1.45096555e+00 -5.46615365e+00
  -4.24113332e-01]
 [ 0.00000000e+00 -3.69925575e-13  1.59565504e+00 -3.44530931e-01
   2.00394823e+00]
 [ 0.00000000e+00  0.00000000e+00  3.45007152e-06 -9.29096751e-01
  -2.94912226e-01]
 [ 0.00000000e+00  0.00000000e+00  0.00000000e+00  3.60308402e-09
  -3.90788043e-01]]
A24 = [[ 1.31723502e+01 -1.12224340e+01  1.38328263e+00  1.22876553e+01
  -2.18439162e+00]
 [-7.01395020e-07  6.55187954e+00 -1.45097722e+00 -5.46614919e+00
   4.24113120e-01]
 [ 0.00000000e+00 -9.00922562e-14  1.59565430e+00 -3.44536398e-01
  -2.00394760e+00]
 [ 0.00000000e+00  0.00000000e+00 -2.00886005e-06 -9.29096004e-01
   2.94916561e-01]
 [ 0.00000000e+00  0.00000000e+00  0.00000000e+00 -1.51549695e-09
  -3.90788045e-01]]
A25 = [[ 1.31723508e+01 -1.12224336e+01  1.38326724e+00  1.22876574e+01
   2.18439166e+00]
 [-3.48871324e-07  6.55187894e+00 -1.45097026e+00 -5.46615036e+00
  -4.24113012e-01]
 [ 0.00000000e+00 -2.19412015e-14  1.59565473e+00 -3.44533223e-01
   2.00394797e+00]
 [ 0.00000000e+00  0.00000000e+00  1.16969241e-06 -9.29096438e-01
  -2.94914039e-01]
 [ 0.00000000e+00  0.00000000e+00  0.00000000e+00  6.37434463e-10
  -3.90788045e-01]]
A26 = [[ 1.31723511e+01 -1.12224335e+01  1.38327629e+00  1.22876565e+01
  -2.18439168e+00]
 [-1.73527308e-07  6.55187865e+00 -1.45097423e+00 -5.46614897e+00
   4.24112958e-01]
 [ 0.00000000e+00 -5.34359439e-15  1.59565448e+00 -3.44535075e-01
  -2.00394775e+00]
 [ 0.00000000e+00  0.00000000e+00 -6.81072621e-07 -9.29096185e-01
   2.94915509e-01]
 [ 0.00000000e+00  0.00000000e+00  0.00000000e+00 -2.68111926e-10
  -3.90788045e-01]]
A27 = [[ 1.31723513e+01 -1.12224334e+01  1.38327106e+00  1.22876572e+01
   2.18439169e+00]
 [-8.63118384e-08  6.55187850e+00 -1.45097188e+00 -5.46614943e+00
  -4.24112931e-01]
 [ 0.00000000e+00 -1.30138713e-15  1.59565463e+00 -3.44533998e-01
   2.00394788e+00]
 [ 0.00000000e+00  0.00000000e+00  3.96565849e-07 -9.29096332e-01
  -2.94914654e-01]
 [ 0.00000000e+00  0.00000000e+00  0.00000000e+00  1.12770799e-10
  -3.90788045e-01]]
A28 = [[ 1.31723513e+01 -1.12224333e+01  1.38327413e+00  1.22876569e+01
  -2.18439169e+00]
 [-4.29311868e-08  6.55187842e+00 -1.45097323e+00 -5.46614899e+00
   4.24112917e-01]
 [ 0.00000000e+00 -3.16941838e-16  1.59565454e+00 -3.44534626e-01
  -2.00394780e+00]
 [ 0.00000000e+00  0.00000000e+00 -2.30907012e-07 -9.29096246e-01
   2.94915152e-01]
 [ 0.00000000e+00  0.00000000e+00  0.00000000e+00 -4.74326317e-11
  -3.90788045e-01]]
A29 = [[ 1.31723514e+01 -1.12224333e+01  1.38327235e+00  1.22876571e+01
   2.18439170e+00]
 [-2.13538121e-08  6.55187839e+00 -1.45097243e+00 -5.46614916e+00
  -4.24112911e-01]
 [ 0.00000000e+00 -7.71885028e-17  1.59565459e+00 -3.44534260e-01
   2.00394785e+00]
 [ 0.00000000e+00  0.00000000e+00  1.34449434e-07 -9.29096296e-01
  -2.94914862e-01]
 [ 0.00000000e+00  0.00000000e+00  0.00000000e+00  1.99506827e-11
  -3.90788045e-01]]
A30 = [[ 1.31723514e+01 -1.12224333e+01  1.38327339e+00  1.22876570e+01
  -2.18439170e+00]
 [-1.06213064e-08  6.55187837e+00 -1.45097289e+00 -5.46614902e+00
   4.24112907e-01]
 [ 0.00000000e+00 -1.87986073e-17  1.59565456e+00 -3.44534473e-01
  -2.00394782e+00]
 [ 0.00000000e+00  0.00000000e+00 -7.82854057e-08 -9.29096267e-01
   2.94915031e-01]
 [ 0.00000000e+00  0.00000000e+00  0.00000000e+00 -8.39147523e-12
  -3.90788045e-01]]
A31 = [[ 1.31723514e+01 -1.12224333e+01  1.38327279e+00  1.22876570e+01
   2.18439170e+00]
 [-5.28299810e-09  6.55187836e+00 -1.45097262e+00 -5.46614908e+00
  -4.24112906e-01]
 [ 0.00000000e+00 -4.57824183e-18  1.59565458e+00 -3.44534349e-01
   2.00394783e+00]
 [ 0.00000000e+00  0.00000000e+00  4.55829734e-08 -9.29096284e-01
  -2.94914932e-01]
 [ 0.00000000e+00  0.00000000e+00  0.00000000e+00  3.52954614e-12
  -3.90788045e-01]]
A32 = [[ 1.31723514e+01 -1.12224333e+01  1.38327314e+00  1.22876570e+01
  -2.18439170e+00]
 [-2.62774351e-09  6.55187836e+00 -1.45097278e+00 -5.46614903e+00
   4.24112905e-01]
 [ 0.00000000e+00 -1.11499209e-18  1.59565457e+00 -3.44534422e-01
  -2.00394783e+00]
 [ 0.00000000e+00  0.00000000e+00 -2.65414403e-08 -9.29096274e-01
   2.94914990e-01]
 [ 0.00000000e+00  0.00000000e+00  0.00000000e+00 -1.48456567e-12
  -3.90788045e-01]]
A33 = [[ 1.31723514e+01 -1.12224333e+01  1.38327294e+00  1.22876570e+01
   2.18439170e+00]
 [-1.30702980e-09  6.55187835e+00 -1.45097269e+00 -5.46614905e+00
  -4.24112904e-01]
 [ 0.00000000e+00 -2.71546895e-19  1.59565458e+00 -3.44534380e-01
   2.00394783e+00]
 [ 0.00000000e+00  0.00000000e+00  1.54541929e-08 -9.29096280e-01
  -2.94914956e-01]
 [ 0.00000000e+00  0.00000000e+00  0.00000000e+00  6.24424541e-13
  -3.90788045e-01]]
A34 = [[ 1.31723514e+01 -1.12224333e+01  1.38327306e+00  1.22876570e+01
  -2.18439170e+00]
 [-6.50111739e-10  6.55187835e+00 -1.45097274e+00 -5.46614904e+00
   4.24112904e-01]
 [ 0.00000000e+00 -6.61329503e-20  1.59565457e+00 -3.44534404e-01
  -2.00394783e+00]
 [ 0.00000000e+00  0.00000000e+00 -8.99845948e-09 -9.29096277e-01
   2.94914976e-01]
 [ 0.00000000e+00  0.00000000e+00  0.00000000e+00 -2.62639785e-13
  -3.90788045e-01]]
A35 = [[ 1.31723514e+01 -1.12224333e+01  1.38327299e+00  1.22876570e+01
   2.18439170e+00]
 [-3.23363149e-10  6.55187835e+00 -1.45097271e+00 -5.46614905e+00
  -4.24112904e-01]
 [ 0.00000000e+00 -1.61061208e-20  1.59565457e+00 -3.44534390e-01
   2.00394783e+00]
 [ 0.00000000e+00  0.00000000e+00  5.23950193e-09 -9.29096278e-01
  -2.94914964e-01]
 [ 0.00000000e+00  0.00000000e+00  0.00000000e+00  1.10469163e-13
  -3.90788045e-01]]
A36 = [[ 1.31723514e+01 -1.12224333e+01  1.38327303e+00  1.22876570e+01
  -2.18439170e+00]
 [-1.60839622e-10  6.55187835e+00 -1.45097273e+00 -5.46614904e+00
   4.24112904e-01]
 [ 0.00000000e+00 -3.92250955e-21  1.59565457e+00 -3.44534398e-01
  -2.00394783e+00]
 [ 0.00000000e+00  0.00000000e+00 -3.05078669e-09 -9.29096277e-01
   2.94914971e-01]
 [ 0.00000000e+00  0.00000000e+00  0.00000000e+00 -4.64645369e-14
  -3.90788045e-01]]
A37 = [[ 1.31723514e+01 -1.12224333e+01  1.38327300e+00  1.22876570e+01
   2.18439170e+00]
 [-8.00010268e-11  6.55187835e+00 -1.45097272e+00 -5.46614904e+00
  -4.24112904e-01]
 [ 0.00000000e+00 -9.55294033e-22  1.59565457e+00 -3.44534393e-01
   2.00394783e+00]
 [ 0.00000000e+00  0.00000000e+00  1.77637103e-09 -9.29096278e-01
  -2.94914967e-01]
 [ 0.00000000e+00  0.00000000e+00  0.00000000e+00  1.95434919e-14
  -3.90788045e-01]]
A38 = [[ 1.31723514e+01 -1.12224333e+01  1.38327302e+00  1.22876570e+01
  -2.18439170e+00]
 [-3.97922117e-11  6.55187835e+00 -1.45097272e+00 -5.46614904e+00
   4.24112904e-01]
 [ 0.00000000e+00 -2.32653784e-22  1.59565457e+00 -3.44534396e-01
  -2.00394783e+00]
 [ 0.00000000e+00  0.00000000e+00 -1.03432143e-09 -9.29096278e-01
   2.94914969e-01]
 [ 0.00000000e+00  0.00000000e+00  0.00000000e+00 -8.22020620e-15
  -3.90788045e-01]]
A39 = [[ 1.31723514e+01 -1.12224333e+01  1.38327301e+00  1.22876570e+01
   2.18439170e+00]
 [-1.97924974e-11  6.55187835e+00 -1.45097272e+00 -5.46614904e+00
  -4.24112904e-01]
 [ 0.00000000e+00 -5.66608619e-23  1.59565457e+00 -3.44534394e-01
   2.00394783e+00]
 [ 0.00000000e+00  0.00000000e+00  6.02250765e-10 -9.29096278e-01
  -2.94914968e-01]
 [ 0.00000000e+00  0.00000000e+00  0.00000000e+00  3.45750854e-15
  -3.90788045e-01]]
A40 = [[ 1.31723514e+01 -1.12224333e+01  1.38327301e+00  1.22876570e+01
  -2.18439170e+00]
 [-9.84471421e-12  6.55187835e+00 -1.45097272e+00 -5.46614904e+00
   4.24112904e-01]
 [ 0.00000000e+00 -1.37992738e-23  1.59565457e+00 -3.44534395e-01
  -2.00394783e+00]
 [ 0.00000000e+00  0.00000000e+00 -3.50670473e-10 -9.29096278e-01
   2.94914969e-01]
 [ 0.00000000e+00  0.00000000e+00  0.00000000e+00 -1.45426587e-15
  -3.90788045e-01]]
A41 = [[ 1.31723514e+01 -1.12224333e+01  1.38327301e+00  1.22876570e+01
   2.18439170e+00]
 [-4.89672405e-12  6.55187835e+00 -1.45097272e+00 -5.46614904e+00
  -4.24112904e-01]
 [ 0.00000000e+00 -3.36069646e-24  1.59565457e+00 -3.44534395e-01
   2.00394783e+00]
 [ 0.00000000e+00  0.00000000e+00  2.04183685e-10 -9.29096278e-01
  -2.94914968e-01]
 [ 0.00000000e+00  0.00000000e+00  0.00000000e+00  6.11680113e-16
  -3.90788045e-01]]
A42 = [[ 1.31723514e+01 -1.12224333e+01  1.38327301e+00  1.22876570e+01
  -2.18439170e+00]
 [-2.43561224e-12  6.55187835e+00 -1.45097272e+00 -5.46614904e+00
   4.24112904e-01]
 [ 0.00000000e+00 -8.18469207e-25  1.59565457e+00 -3.44534395e-01
  -2.00394783e+00]
 [ 0.00000000e+00  0.00000000e+00 -1.18889329e-10 -9.29096278e-01
   2.94914969e-01]
 [ 0.00000000e+00  0.00000000e+00  0.00000000e+00 -2.57279338e-16
  -3.90788045e-01]]
A43 = [[ 1.31723514e+01 -1.12224333e+01  1.38327301e+00  1.22876570e+01
   2.18439170e+00]
 [-1.21146443e-12  6.55187835e+00 -1.45097272e+00 -5.46614904e+00
  -4.24112904e-01]
 [ 0.00000000e+00 -1.99331255e-25  1.59565457e+00 -3.44534395e-01
   2.00394783e+00]
 [ 0.00000000e+00  0.00000000e+00  6.92252792e-11 -9.29096278e-01
  -2.94914968e-01]
 [ 0.00000000e+00  0.00000000e+00  0.00000000e+00  1.08214501e-16
  -3.90788045e-01]]
